[gd_scene load_steps=20 format=3 uid="uid://de20mphuh38lg"]

[ext_resource type="PackedScene" uid="uid://ovbbkmc7s564" path="res://levels/level_2.tscn" id="1_0ettg"]
[ext_resource type="Texture2D" uid="uid://bc2fe4p2pkbkt" path="res://assets/bars_tiles.png" id="1_nwbki"]
[ext_resource type="FontFile" uid="uid://cxrrbcifna6m1" path="res://assets/Texturina-Italic-VariableFont_opsz,wght.ttf" id="1_pppj1"]
[ext_resource type="Script" path="res://levels/reset_global_state_on_load.gd" id="1_w3h5g"]
[ext_resource type="Script" uid="uid://c7jykogydtsdt" path="res://ui/menu_button.gd" id="2_6flho"]
[ext_resource type="Texture2D" uid="uid://c8tl43kj46m0b" path="res://assets/column_tiles.png" id="2_pppj1"]
[ext_resource type="Texture2D" uid="uid://g2qbljkc80cr" path="res://assets/wall_tiles.png" id="3_6flho"]
[ext_resource type="PackedScene" uid="uid://dcujt2ktb63sd" path="res://levels/tutorial.tscn" id="3_7ty7c"]
[ext_resource type="Texture2D" uid="uid://dvsjoo503gl0f" path="res://assets/floor_tiles.png" id="4_ofye2"]
[ext_resource type="PackedScene" uid="uid://diiwa5d43dean" path="res://characters/walking_character.tscn" id="5_7ty7c"]
[ext_resource type="PackedScene" uid="uid://dy7dd3ej6xisk" path="res://activators/global_state_button.tscn" id="6_nwbki"]
[ext_resource type="PackedScene" uid="uid://biv5d65umpjqc" path="res://walls/light_wall.tscn" id="11_s01ir"]
[ext_resource type="PackedScene" uid="uid://crihsikubvc82" path="res://props/torch.tscn" id="12_w3h5g"]
[ext_resource type="PackedScene" uid="uid://d1i61tf6odqmq" path="res://props/exit_text_label.tscn" id="13_maniu"]
[ext_resource type="PackedScene" uid="uid://bcabqqgu1mjfg" path="res://props/exit_arrow_label.tscn" id="14_t74b8"]

[sub_resource type="StandardMaterial3D" id="StandardMaterial3D_i73i7"]
transparency = 2
alpha_scissor_threshold = 0.009
alpha_antialiasing_mode = 0
shading_mode = 0
albedo_texture = ExtResource("1_nwbki")
uv1_triplanar = true
texture_filter = 0

[sub_resource type="StandardMaterial3D" id="StandardMaterial3D_e1bfw"]
render_priority = 3
albedo_texture = ExtResource("2_pppj1")
uv1_triplanar = true
texture_filter = 0

[sub_resource type="StandardMaterial3D" id="StandardMaterial3D_fvxt4"]
render_priority = 2
albedo_texture = ExtResource("3_6flho")
uv1_triplanar = true
texture_filter = 0

[sub_resource type="StandardMaterial3D" id="StandardMaterial3D_xxm8u"]
render_priority = 1
albedo_texture = ExtResource("4_ofye2")
uv1_triplanar = true
texture_filter = 0

[node name="MainMenu" type="Node3D"]
script = ExtResource("1_w3h5g")

[node name="UI" type="Control" parent="."]
layout_mode = 3
anchors_preset = 15
anchor_right = 1.0
anchor_bottom = 1.0
grow_horizontal = 2
grow_vertical = 2

[node name="ColorRect" type="ColorRect" parent="UI"]
layout_mode = 0
offset_right = 1152.0
offset_bottom = 648.0
grow_horizontal = 2
grow_vertical = 2
color = Color(0, 0, 0, 0.654902)

[node name="MarginContainer" type="MarginContainer" parent="UI"]
layout_mode = 1
anchors_preset = 15
anchor_right = 1.0
anchor_bottom = 1.0
grow_horizontal = 2
grow_vertical = 2
theme_override_constants/margin_left = 100
theme_override_constants/margin_top = 100
theme_override_constants/margin_right = 100
theme_override_constants/margin_bottom = 100

[node name="HBoxContainer" type="HBoxContainer" parent="UI/MarginContainer"]
layout_mode = 2

[node name="VBoxContainer" type="VBoxContainer" parent="UI/MarginContainer/HBoxContainer"]
layout_mode = 2
size_flags_horizontal = 3

[node name="Title" type="RichTextLabel" parent="UI/MarginContainer/HBoxContainer/VBoxContainer"]
layout_mode = 2
theme_override_fonts/normal_font = ExtResource("1_pppj1")
theme_override_font_sizes/normal_font_size = 75
text = "Labyrinth"
fit_content = true

[node name="VBoxContainer2" type="VBoxContainer" parent="UI/MarginContainer/HBoxContainer/VBoxContainer"]
clip_contents = true
layout_mode = 2
size_flags_vertical = 3
alignment = 1

[node name="Tutorial" type="RichTextLabel" parent="UI/MarginContainer/HBoxContainer/VBoxContainer/VBoxContainer2"]
layout_mode = 2
theme_override_fonts/normal_font = ExtResource("1_pppj1")
theme_override_font_sizes/normal_font_size = 40
text = "Tutorial
"
fit_content = true
script = ExtResource("2_6flho")
level_scene = ExtResource("3_7ty7c")

[node name="Level1" type="RichTextLabel" parent="UI/MarginContainer/HBoxContainer/VBoxContainer/VBoxContainer2"]
layout_mode = 2
theme_override_fonts/normal_font = ExtResource("1_pppj1")
theme_override_font_sizes/normal_font_size = 40
text = "Level 1
"
fit_content = true
script = ExtResource("2_6flho")
level_scene = ExtResource("1_0ettg")

[node name="CenterContainer" type="CenterContainer" parent="UI/MarginContainer/HBoxContainer"]
layout_mode = 2
size_flags_horizontal = 3

[node name="Camera3D" type="Camera3D" parent="."]
transform = Transform3D(-1, 0, 8.7422784e-08, -3.4005648e-08, 0.9212465, -0.38897926, -8.053793e-08, -0.38897926, -0.9212465, 0.8255744, 1.0874057, 0)

[node name="GlobalStateButton" parent="." instance=ExtResource("6_nwbki")]
transform = Transform3D(-4.371139e-08, 0, -1, 0, 1, 0, 1, 0, -4.371139e-08, -1.5, 0.73788023, 3)
property = "sun"

[node name="GlobalStateButton2" parent="." instance=ExtResource("6_nwbki")]
transform = Transform3D(-4.371139e-08, 0, -1, 0, 1, 0, 1, 0, -4.371139e-08, 1.5, 0.73788023, 3)

[node name="Scene" type="Node3D" parent="."]

[node name="TransparentWalls_CSG" type="CSGCombiner3D" parent="Scene"]
transform = Transform3D(1, 0, 0, 0, 1, 0, 0, 0, 1, 0, 4.75, 7.5)
material_override = SubResource("StandardMaterial3D_i73i7")
use_collision = true
collision_mask = 0

[node name="CSGBox3D7" type="CSGBox3D" parent="Scene/TransparentWalls_CSG"]
transform = Transform3D(-4.371139e-08, -1, 0, 1, -4.371139e-08, 0, 0, 0, 1, -1.75, 2.25, -0.25)
size = Vector3(3.5, 0.5, 7)

[node name="CSGBox3D6" type="CSGBox3D" parent="Scene/TransparentWalls_CSG"]
transform = Transform3D(1, 0, 0, 0, 1, 0, 0, 0, 1, 0, 0, -1.25)
size = Vector3(3.5, 0.5, 4.5)

[node name="CSGBox3D8" type="CSGBox3D" parent="Scene/TransparentWalls_CSG"]
transform = Transform3D(-4.371139e-08, -1, 0, 1, -4.371139e-08, 0, 0, 0, 1, 1.75, 2.25, -0.25)
size = Vector3(3.5, 0.5, 7)

[node name="CSGBox3D10" type="CSGBox3D" parent="Scene/TransparentWalls_CSG"]
transform = Transform3D(1, 0, 0, 0, 1, 0, 0, 0, 1, 0, 5.25, -2.625)
size = Vector3(3.5, 0.5, 1.75)

[node name="CSGBox3D11" type="CSGBox3D" parent="Scene/TransparentWalls_CSG"]
transform = Transform3D(1, 0, 0, 0, 1, 0, 0, 0, 1, -0.75, 5.25, -6.875)
size = Vector3(7.5, 0.5, 6.25)

[node name="CSGBox3D12" type="CSGBox3D" parent="Scene/TransparentWalls_CSG"]
transform = Transform3D(1, 0, 0, 0, 1, 0, 0, 0, 1, -5, 7, -7.75)
size = Vector3(0.5, 3, 5.5)

[node name="CSGBox3D9" type="CSGBox3D" parent="Scene/TransparentWalls_CSG"]
transform = Transform3D(1, 0, 0, 0, 1, 0, 0, 0, 1, -1, 10.75, -3.125)
size = Vector3(12, 0.5, 18.75)

[node name="CSGBox3D" type="CSGBox3D" parent="Scene/TransparentWalls_CSG"]
transform = Transform3D(1, 0, 0, 0, 1, 0, 0, 0, 1, 0.5, -1.375, -11.5)
size = Vector3(1, 0.25, 2)

[node name="CSGBox3D29" type="CSGBox3D" parent="Scene/TransparentWalls_CSG"]
process_mode = 3
transform = Transform3D(1, 0, 0, 0, 1, 0, 0, 0, 1, -6.125, -2.25, -3.75)
size = Vector3(1.75, 2.5, 0.5)

[node name="CSGBox3D13" type="CSGBox3D" parent="Scene/TransparentWalls_CSG"]
transform = Transform3D(1, 0, 0, 0, 1, 0, 0, 0, 1, -0.125, 7, -10.25)
size = Vector3(10.25, 3, 0.5)

[node name="StaticWalls" type="Node3D" parent="Scene"]

[node name="Columns" type="CSGCombiner3D" parent="Scene/StaticWalls"]
transform = Transform3D(1, 0, 0, 0, 1, 0, 0, 0, 1, 0, 14.5, -2.875)
material_override = SubResource("StandardMaterial3D_e1bfw")
use_collision = true
collision_layer = 3
collision_mask = 0

[node name="CSGBox3D22" type="CSGBox3D" parent="Scene/StaticWalls/Columns"]
transform = Transform3D(-4.371139e-08, 0, -1, 0, 1, 0, 1, 0, -4.371139e-08, 1.75, -6.625, 13.875)
size = Vector3(0.5, 15.75, 0.5)

[node name="CSGBox3D21" type="CSGBox3D" parent="Scene/StaticWalls/Columns"]
transform = Transform3D(-4.371139e-08, 0, -1, 0, 1, 0, 1, 0, -4.371139e-08, 1.75, -6.625, 15.125)
size = Vector3(0.5, 15.75, 0.5)

[node name="CSGBox3D20" type="CSGBox3D" parent="Scene/StaticWalls/Columns"]
transform = Transform3D(-4.371139e-08, 0, -1, 0, 1, 0, 1, 0, -4.371139e-08, 1.75, -6.625, 16.375)
size = Vector3(0.5, 15.75, 0.5)

[node name="BigCorner" type="CSGBox3D" parent="Scene/StaticWalls/Columns"]
transform = Transform3D(1, 0, 0, 0, 1, 0, 0, 0, 1, -4.875, -6.625, 6.125)
size = Vector3(0.75, 15.75, 1.5)

[node name="CSGBox3D16" type="CSGBox3D" parent="Scene/StaticWalls/Columns"]
transform = Transform3D(1, 0, 0, 0, 1, 0, 0, 0, 1, -3.5, -9.75, 6.625)
size = Vector3(0.5, 9.5, 0.5)

[node name="CSGBox3D15" type="CSGBox3D" parent="Scene/StaticWalls/Columns"]
transform = Transform3D(1, 0, 0, 0, 1, 0, 0, 0, 1, -2.25, -9.75, 6.625)
size = Vector3(0.5, 9.5, 0.5)

[node name="CSGBox3D14" type="CSGBox3D" parent="Scene/StaticWalls/Columns"]
transform = Transform3D(1, 0, 0, 0, 1, 0, 0, 0, 1, 2.25, -9.75, 6.625)
size = Vector3(0.5, 9.5, 0.5)

[node name="CSGBox3D13" type="CSGBox3D" parent="Scene/StaticWalls/Columns"]
transform = Transform3D(1, 0, 0, 0, 1, 0, 0, 0, 1, 3.5, -9.75, 6.625)
size = Vector3(0.5, 9.5, 0.5)

[node name="CSGBox3D12" type="CSGBox3D" parent="Scene/StaticWalls/Columns"]
transform = Transform3D(1, 0, 0, 0, 1, 0, 0, 0, 1, 4.75, -9.75, 6.625)
size = Vector3(0.5, 9.5, 0.5)

[node name="Walls" type="CSGCombiner3D" parent="Scene/StaticWalls"]
transform = Transform3D(1, 0, 0, 0, 1, 0, 0, 0, 1, 0, 14.5, -2.875)
material_override = SubResource("StandardMaterial3D_fvxt4")
use_collision = true
collision_layer = 3
collision_mask = 0

[node name="CSGBox3D41" type="CSGBox3D" parent="Scene/StaticWalls/Walls"]
size = Vector3(10, 2.5, 0.75)

[node name="CSGBox3D40" type="CSGBox3D" parent="Scene/StaticWalls/Walls"]
transform = Transform3D(1, 0, 0, 0, 1, 0, 0, 0, 1, -4.875, 0.125, 1.625)
size = Vector3(0.75, 2.75, 7.5)

[node name="CSGBox3D29" type="CSGBox3D" parent="Scene/StaticWalls/Walls"]
transform = Transform3D(1, 0, 0, 0, 1, 0, 0, 0, 1, -6.125, -10.125, 6.5)
size = Vector3(1.75, 1.25, 0.75)

[node name="CSGBox3D37" type="CSGBox3D" parent="Scene/StaticWalls/Walls"]
transform = Transform3D(-4.371139e-08, 0, -1, 0, 1, 0, 1, 0, -4.371139e-08, -7.2500005, -6.75, 7.2499995)
size = Vector3(19.75, 16, 0.5)

[node name="CSGBox3D36" type="CSGBox3D" parent="Scene/StaticWalls/Walls"]
transform = Transform3D(-4.371139e-08, 0, -1, 0, 1, 0, 1, 0, -4.371139e-08, -0.75, -6.75, -2.375)
size = Vector3(0.5, 16, 12.5)

[node name="CSGBox3D38" type="CSGBox3D" parent="Scene/StaticWalls/Walls"]
transform = Transform3D(-4.371139e-08, 0, -1, 0, 1, 0, 1, 0, -4.371139e-08, -0.75, -6.75, 16.875)
size = Vector3(0.5, 16, 12.5)

[node name="CSGBox3D35" type="CSGBox3D" parent="Scene/StaticWalls/Walls"]
transform = Transform3D(-4.371139e-08, 0, -1, 0, 1, 0, 1, 0, -4.371139e-08, 0.25, -8.375, 0.125)
size = Vector3(0.5, 8.25, 9.5)

[node name="CSGBox3D34" type="CSGBox3D" parent="Scene/StaticWalls/Walls"]
transform = Transform3D(1, 0, 0, 0, 1, 0, 0, 0, 1, 5.25, -6.75, 7)
size = Vector3(0.5, 16, 19.25)

[node name="CSGBox3D33" type="CSGBox3D" parent="Scene/StaticWalls/Walls"]
transform = Transform3D(1, 0, 0, 0, 1, 0, 0, 0, 1, -4.875, -9.5, 2.625)
size = Vector3(0.75, 10.5, 5.5)

[node name="CSGBox3D18" type="CSGBox3D" parent="Scene/StaticWalls/Walls"]
transform = Transform3D(1, 0, 0, 0, 1, 0, 0, 0, 1, -0.25, -6.875, 13.875)
size = Vector3(3.5, 16.25, 0.5)

[node name="CSGBox3D10" type="CSGBox3D" parent="Scene/StaticWalls/Walls"]
transform = Transform3D(1, 0, 0, 0, 1, 0, 0, 0, 1, 0.25, -1.875, 6.625)
size = Vector3(9.5, 6.25, 0.5)

[node name="CSGBox3D8" type="CSGBox3D" parent="Scene/StaticWalls/Walls"]
transform = Transform3D(1, 0, 0, 0, -4.371139e-08, -1, 0, 1, -4.371139e-08, 1.75, -2.25, 10.125)
size = Vector3(0.5, 7, 7)

[node name="CSGBox3D2" type="CSGBox3D" parent="Scene/StaticWalls/Walls"]
transform = Transform3D(1, 0, 0, 0, -4.371139e-08, -1, 0, 1, -4.371139e-08, 0, -12.75, 6.875)
size = Vector3(4, 0.5, 7)

[node name="CSGBox3D4" type="CSGBox3D" parent="Scene/StaticWalls/Walls"]
transform = Transform3D(1, 0, 0, 0, -4.371139e-08, -1, 0, 1, -4.371139e-08, -1.75, -12.75, 10.375)
size = Vector3(0.5, 7.5, 7)

[node name="CSGBox3D5" type="CSGBox3D" parent="Scene/StaticWalls/Walls"]
transform = Transform3D(1, 0, 0, 0, -4.371139e-08, -1, 0, 1, -4.371139e-08, 1.75, -12.75, 10.125)
size = Vector3(0.5, 7, 7)

[node name="CSGBox3D6" type="CSGBox3D" parent="Scene/StaticWalls/Walls"]
transform = Transform3D(1, 0, 0, 0, -4.371139e-08, -1, 0, 1, -4.371139e-08, 0, -2.25, 6.875)
size = Vector3(4, 0.5, 7)

[node name="CSGBox3D7" type="CSGBox3D" parent="Scene/StaticWalls/Walls"]
transform = Transform3D(1, 0, 0, 0, -4.371139e-08, -1, 0, 1, -4.371139e-08, -1.75, -2.25, 10.375)
size = Vector3(0.5, 7.5, 7)

[node name="CSGBox3D39" type="CSGBox3D" parent="Scene/StaticWalls/Walls"]
transform = Transform3D(1, 0, 0, 0, 1, 0, 0, 0, 1, 3.25, -1.5, 5.5)
size = Vector3(0.5, 5.5, 1.75)

[node name="Floors" type="CSGCombiner3D" parent="Scene/StaticWalls"]
material_override = SubResource("StandardMaterial3D_xxm8u")
use_collision = true
collision_layer = 3
collision_mask = 0

[node name="CSGBox3D24" type="CSGBox3D" parent="Scene/StaticWalls/Floors"]
transform = Transform3D(1, 0, 0, 0, 1, 0, 0, 0, 1, -1, 6.75, -4.25)
size = Vector3(12, 0.5, 2.5)

[node name="CSGBox3D23" type="CSGBox3D" parent="Scene/StaticWalls/Floors"]
transform = Transform3D(1, 0, 0, 0, 0.96814764, -0.25038, 0, 0.25038, 0.96814764, -6.125, 4.865026, 4.126593)
size = Vector3(1.75, 0.5, 14.893951)

[node name="CSGBox3D19" type="CSGBox3D" parent="Scene/StaticWalls/Floors"]
transform = Transform3D(1, 0, 0, 0, 1, 0, 0, 0, 1, -2.625, 3, 12.5)
size = Vector3(8.75, 0.5, 2.5)

[node name="CSGBox3D11" type="CSGBox3D" parent="Scene/StaticWalls/Floors"]
transform = Transform3D(1, 0, 0, 0, 1, 0, 0, 0, 1, 0, 10, 8.375)
size = Vector3(3.5, 0.5, 5.25)

[node name="CSGBox3D" type="CSGBox3D" parent="Scene/StaticWalls/Floors"]
transform = Transform3D(1, 0, 0, 0, 1, 0, 0, 0, 1, -1.125, 0.5, -0.5)
size = Vector3(12.25, 0.5, 9)

[node name="CSGBox3D3" type="CSGBox3D" parent="Scene/StaticWalls/Floors"]
transform = Transform3D(1, 0, 0, 0, 1, 0, 0, 0, 1, -1, 0.5, 8.875)
size = Vector3(12, 0.5, 9.75)

[node name="CSGBox3D25" type="CSGBox3D" parent="Scene/StaticWalls/Floors"]
transform = Transform3D(1, 0, 0, 0, 1, 0, 0, 0, 1, -1.5, 7, -3.5)
size = Vector3(1, 0.5, 1)

[node name="CSGBox3D26" type="CSGBox3D" parent="Scene/StaticWalls/Floors"]
transform = Transform3D(1, 0, 0, 0, 1, 0, 0, 0, 1, 0.5, 8, -3.5)
size = Vector3(1, 0.5, 1)

[node name="CSGBox3D27" type="CSGBox3D" parent="Scene/StaticWalls/Floors"]
transform = Transform3D(1, 0, 0, 0, 1, 0, 0, 0, 1, 2.5, 9, -3.5)
size = Vector3(1, 0.5, 1)

[node name="CSGBox3D28" type="CSGBox3D" parent="Scene/StaticWalls/Floors"]
transform = Transform3D(1, 0, 0, 0, 1, 0, 0, 0, 1, 4.5, 10, -3.5)
size = Vector3(1, 0.5, 1)

[node name="CSGBox3D29" type="CSGBox3D" parent="Scene/StaticWalls/Floors"]
transform = Transform3D(1, 0, 0, 0, 1, 0, 0, 0, 1, 4, 10, 0.5)
size = Vector3(2, 0.5, 6)

[node name="WalkingCharacter" parent="Scene/StaticWalls/Floors" instance=ExtResource("5_7ty7c")]
transform = Transform3D(1, 0, 0, 0, 1, 0, 0, 0, 1, 4.25, 10.25, 2.5)

[node name="LightWalls" type="Node3D" parent="Scene"]

[node name="LightWall" parent="Scene/LightWalls" instance=ExtResource("11_s01ir")]
transform = Transform3D(1, 0, 0, 0, 1, 0, 0, 0, 1, -6, 0.75, 3.5)

[node name="LightWall2" parent="Scene/LightWalls" instance=ExtResource("11_s01ir")]
transform = Transform3D(1, 0, 0, 0, 1, 0, 0, 0, 1, 3.75, 10.25, -2.75)

[node name="LightWall3" parent="Scene/LightWalls" instance=ExtResource("11_s01ir")]
transform = Transform3D(1, 0, 0, 0, 1, 0, 0, 0, 1, 1.25, 10.25, -2.75)

[node name="LightWall4" parent="Scene/LightWalls" instance=ExtResource("11_s01ir")]
transform = Transform3D(1, 0, 0, 0, 1, 0, 0, 0, 1, -1.25, 10.25, -2.75)

[node name="LightWall5" parent="Scene/LightWalls" instance=ExtResource("11_s01ir")]
transform = Transform3D(1, 0, 0, 0, 1, 0, 0, 0, 1, -3.75, 10.25, -2.75)

[node name="LightWall6" parent="Scene/LightWalls" instance=ExtResource("11_s01ir")]
transform = Transform3D(-4.371139e-08, 0, 1, 0, 1, 0, -1, 0, -4.371139e-08, -5, 10.25, -1.25)

[node name="LightWall7" parent="Scene/LightWalls" instance=ExtResource("11_s01ir")]
transform = Transform3D(-4.371139e-08, 0, 1, 0, 1, 0, -1, 0, -4.371139e-08, -5, 10.25, 1.25)

[node name="Lights" type="Node3D" parent="Scene"]

[node name="Torch" parent="Scene/Lights" instance=ExtResource("12_w3h5g")]
transform = Transform3D(1, 0, 0, 0, 0.9659258, -0.25881904, 0, 0.25881904, 0.9659258, 0, 5.25, -2.35)

[node name="Torch2" parent="Scene/Lights" instance=ExtResource("12_w3h5g")]
transform = Transform3D(-4.371139e-08, 0.25881904, 0.9659258, 0, 0.96592593, -0.25881907, -1.0000001, -1.13133405e-08, -4.2221963e-08, -4.5, 5.25, 0.1500001)

[node name="Torch3" parent="Scene/Lights" instance=ExtResource("12_w3h5g")]
transform = Transform3D(1.3113417e-07, -0.258819, -0.96592575, 8.881785e-16, 0.9659259, -0.25881904, 1.0000001, 3.394002e-08, 1.2666588e-07, 4.8, 5.25, 0.1500001)

[node name="Torch4" parent="Scene/Lights" instance=ExtResource("12_w3h5g")]
transform = Transform3D(1.3113417e-07, -0.258819, -0.96592575, 8.881785e-16, 0.9659259, -0.25881904, 1.0000001, 3.394002e-08, 1.2666588e-07, 4.8, 3, 6.65)

[node name="Torch5" parent="Scene/Lights" instance=ExtResource("12_w3h5g")]
transform = Transform3D(1.3113417e-07, -0.258819, -0.96592575, 8.881785e-16, 0.9659259, -0.25881904, 1.0000001, 3.394002e-08, 1.2666588e-07, 4.8, 3, 11.4)

[node name="Torch6" parent="Scene/Lights" instance=ExtResource("12_w3h5g")]
transform = Transform3D(-1, -2.2626674e-08, -8.44439e-08, 8.881784e-16, 0.9659258, -0.258819, 8.742277e-08, -0.25881898, -0.9659257, -0.5749998, 5.5, 13.599999)

[node name="Torch7" parent="Scene/Lights" instance=ExtResource("12_w3h5g")]
transform = Transform3D(-1, -2.2626674e-08, -8.44439e-08, 8.881784e-16, 0.9659258, -0.258819, 8.742277e-08, -0.25881898, -0.9659257, -5.325, 5.5, 13.599999)

[node name="Torch8" parent="Scene/Lights" instance=ExtResource("12_w3h5g")]
transform = Transform3D(1.3113417e-07, -0.258819, -0.96592575, 8.881785e-16, 0.9659259, -0.25881904, 1.0000001, 3.394002e-08, 1.2666588e-07, -2.1999998, 3.5, 5.4)

[node name="Torch9" parent="Scene/Lights" instance=ExtResource("12_w3h5g")]
transform = Transform3D(1.3113417e-07, -0.258819, -0.96592575, 8.881785e-16, 0.9659259, -0.25881904, 1.0000001, 3.394002e-08, 1.2666588e-07, -2.1999998, 3.5, 10.15)

[node name="Torch10" parent="Scene/Lights" instance=ExtResource("12_w3h5g")]
transform = Transform3D(-1, 2.262668e-08, 8.444392e-08, -8.881784e-16, 0.9659259, -0.25881904, -8.7422784e-08, -0.25881904, -0.9659258, 4.25, 13.25, 3.4)

[node name="ExitTextLabel" parent="Scene" instance=ExtResource("13_maniu")]
transform = Transform3D(-3, 0, -4.5298742e-07, 0, 3, 0, 4.5298742e-07, 0, -3, 0, 2.25, 3.675)

[node name="ExitArrowLabel" parent="Scene" instance=ExtResource("14_t74b8")]
transform = Transform3D(3, 2.6226832e-07, 4.5298748e-07, 2.6226832e-07, -3, 3.9601423e-14, 4.5298748e-07, 0, -3, 0, 4, 3.7)
